Time(s);RTF
0.00;0.00
0.10;0.98
0.20;1.00
0.30;0.99
0.40;1.00
0.50;1.00
0.60;1.00
0.70;0.98
0.80;1.02
0.90;1.01
1.00;0.99
1.10;0.99
1.20;1.03
1.30;0.99
1.40;0.99
1.50;1.00
1.60;1.02
1.70;0.99
1.80;1.02
1.90;1.01
2.00;0.98
2.10;1.00
2.20;1.00
2.30;1.00
2.40;1.00
2.50;1.01
2.60;1.00
2.70;1.00
2.80;1.00
2.90;1.01
3.00;0.99
3.10;1.00
3.20;1.00
3.30;1.00
3.40;1.01
3.50;1.00
3.60;1.00
3.70;0.99
3.80;1.01
3.90;1.00
4.00;1.01
4.10;1.01
4.20;0.99
4.30;0.99
4.40;1.00
4.50;0.97
4.60;1.04
4.70;1.03
4.80;0.97
4.90;1.00
5.00;1.00
5.10;1.00
5.20;1.00
5.30;0.98
5.40;1.05
5.50;1.00
5.60;0.98
5.70;1.02
5.80;0.98
5.90;1.01
6.00;0.97
6.10;1.07
6.20;0.98
6.30;1.00
6.40;0.99
6.50;0.99
6.60;1.03
6.70;1.01
6.80;0.99
6.90;1.00
7.00;0.99
7.10;0.99
7.20;1.02
7.30;0.99
7.40;1.02
7.50;1.00
7.60;0.97
7.70;1.02
7.80;0.98
7.90;1.00
8.00;1.00
8.10;1.00
8.20;0.97
8.30;1.02
8.40;1.02
8.50;0.98
8.60;1.02
8.70;0.99
8.80;0.99
8.90;1.01
9.00;0.99
9.10;1.01
9.20;1.02
9.30;0.99
9.40;1.01
9.50;0.99
9.60;1.00
9.70;1.00
9.80;1.01
9.90;0.99
10.00;0.98
10.10;1.04
10.20;0.99
10.30;0.97
10.40;1.03
10.50;0.99
10.60;1.00
10.70;0.99
10.80;1.00
10.90;0.99
11.00;1.01
11.10;1.00
11.20;1.01
11.30;0.99
11.40;1.01
11.50;1.00
11.60;0.99
11.70;1.01
11.80;1.00
11.90;1.01
12.00;0.98
12.10;0.98
12.20;1.01
12.30;0.99
12.40;1.01
12.50;0.99
12.60;1.01
12.70;1.00
12.80;0.99
12.90;0.99
13.00;1.05
13.10;0.98
13.20;0.99
13.30;0.99
13.40;1.00
13.50;1.00
13.60;0.97
13.70;1.03
13.80;1.00
13.90;0.97
14.00;0.99
14.10;1.05
14.20;0.99
14.30;1.01
14.40;0.97
14.50;0.99
14.60;0.98
14.70;1.02
14.80;1.03
14.90;1.01
15.00;0.99
15.10;0.98
15.20;1.02
15.30;1.01
15.40;0.94
15.50;1.05
15.60;1.00
15.70;1.01
15.80;1.00
15.90;0.98
16.00;0.99
16.10;1.03
16.20;1.00
16.30;0.99
16.40;1.00
16.50;0.99
16.60;1.03
16.70;1.01
16.80;0.97
16.90;1.01
17.00;1.00
17.10;1.00
17.20;0.94
17.30;1.07
17.40;0.96
17.50;1.04
17.60;1.01
17.70;0.99
17.80;1.01
17.90;0.99
18.00;1.01
18.10;0.99
18.20;1.01
18.30;1.00
18.40;0.97
18.50;1.03
18.60;0.98
18.70;1.01
18.80;0.99
18.90;1.03
19.00;0.98
19.10;1.01
19.20;0.98
19.30;1.04
19.40;0.96
19.50;1.00
19.60;1.01
19.70;1.00
19.80;1.00
19.90;0.98
20.00;1.01
20.10;1.03
20.20;1.03
20.30;0.96
20.40;0.97
20.50;1.03
20.60;0.97
20.70;1.02
20.80;0.98
20.90;1.04
21.00;0.99
21.10;1.01
21.20;1.01
21.30;1.02
21.40;0.95
21.50;1.03
21.60;0.99
21.70;1.02
21.80;0.99
21.90;1.00
22.00;0.99
22.10;0.99
22.20;1.04
22.30;0.98
22.40;0.99
22.50;1.02
22.60;1.01
22.70;1.00
22.80;0.98
22.90;1.01
23.00;1.00
23.10;1.03
23.20;0.99
23.30;0.98
23.40;1.02
23.50;1.00
23.60;1.02
23.70;0.97
23.80;1.01
23.90;1.01
24.00;0.99
24.10;0.99
24.20;1.02
24.30;1.01
24.40;0.99
24.50;1.02
24.60;0.96
24.70;1.04
24.80;0.99
24.90;1.01
25.00;1.00
25.10;1.01
25.20;0.99
25.30;1.00
25.40;1.00
25.50;0.99
25.60;0.99
25.70;1.01
25.80;1.00
25.90;1.00
26.00;0.99
26.10;1.02
26.20;0.98
26.30;1.02
26.40;0.99
26.50;0.99
26.60;0.94
26.70;1.06
26.80;0.99
26.90;1.02
27.00;0.98
27.10;0.98
27.20;1.01
27.30;0.99
27.40;1.03
27.50;1.00
27.60;0.96
27.70;1.00
27.80;1.02
27.90;1.02
28.00;0.96
28.10;1.02
28.20;1.01
28.30;1.00
28.40;0.99
28.50;1.01
28.60;1.00
28.70;1.01
28.80;0.99
28.90;0.98
29.00;0.99
29.10;1.03
29.20;0.96
29.30;1.02
29.40;1.03
29.50;0.98
29.60;1.00
29.70;1.01
29.80;1.00
29.90;0.94
30.00;1.04
30.10;1.03
30.20;1.02
30.30;0.97
30.40;1.01
30.50;0.98
30.60;1.02
30.70;1.00
30.80;0.98
30.90;1.00
31.00;1.00
31.10;1.01
31.20;0.97
31.30;1.05
31.40;1.00
31.50;0.99
31.60;1.01
31.70;0.99
31.80;1.01
31.90;0.99
32.00;1.03
32.10;0.97
32.20;0.99
32.30;1.00
32.40;1.00
32.50;1.02
32.60;0.99
32.70;1.01
32.80;0.98
32.90;1.00
33.00;1.01
33.10;1.00
33.20;1.01
33.30;1.00
33.40;0.99
33.50;1.00
33.60;0.97
33.70;1.00
33.80;1.01
33.90;1.02
34.00;1.00
34.10;1.02
34.20;0.98
34.30;1.00
34.40;1.00
34.50;1.03
34.60;0.98
34.70;1.01
34.80;0.96
34.90;0.90
35.00;1.00
35.10;1.04
35.20;1.06
35.30;0.97
35.40;1.01
35.50;1.03
35.60;0.95
35.70;1.05
35.80;1.01
35.90;1.00
36.00;1.02
36.10;1.01
36.20;0.97
36.30;1.01
36.40;0.98
36.50;0.99
36.60;1.01
36.70;1.03
36.80;0.94
36.90;0.89
37.00;1.04
37.10;0.98
37.20;1.07
37.30;1.01
37.40;0.95
37.50;0.94
37.60;0.97
37.70;1.10
37.80;0.93
37.90;1.09
38.00;0.98
38.10;1.00
38.20;1.01
38.30;1.04
38.40;1.03
38.50;1.00
38.60;1.05
38.70;0.97
38.80;0.96
38.90;1.08
39.00;0.99
39.10;1.00
39.20;0.98
39.30;0.98
39.40;1.09
39.50;0.96
39.60;0.98
39.70;1.05
39.80;0.97
39.90;0.88
40.00;1.18
40.10;0.98
40.20;1.01
40.30;0.99
40.40;1.00
40.50;1.00
40.60;0.98
40.70;1.01
40.80;0.98
40.90;1.03
41.00;0.99
41.10;1.01
41.20;0.99
41.30;1.00
41.40;0.98
41.50;1.02
41.60;0.99
41.70;1.01
41.80;0.99
41.90;1.05
42.00;0.98
42.10;1.00
42.20;1.00
42.30;0.96
42.40;1.05
42.50;1.00
42.60;0.98
42.70;0.99
42.80;1.01
42.90;1.03
43.00;0.99
43.10;0.96
43.20;1.03
43.30;1.01
43.40;0.99
43.50;1.02
43.60;0.98
43.70;0.99
43.80;1.01
43.90;1.01
44.00;0.99
44.10;0.99
44.20;0.99
44.30;1.06
44.40;1.02
44.50;0.97
44.60;0.98
44.70;1.00
44.80;1.00
44.90;1.00
45.00;0.96
45.10;1.01
45.20;1.00
45.30;1.01
45.40;0.97
45.50;1.05
45.60;1.00
45.70;0.99
45.80;1.03
45.90;1.00
46.00;0.97
46.10;1.02
46.20;0.99
46.30;1.01
46.40;1.00
46.50;0.99
46.60;1.01
46.70;0.98
46.80;1.01
46.90;0.99
47.00;1.03
47.10;1.00
47.20;0.99
47.30;1.01
47.40;0.97
47.50;1.02
47.60;1.01
47.70;0.97
47.80;1.04
47.90;1.01
48.00;0.97
48.10;1.03
48.20;1.00
48.30;1.00
48.40;0.98
48.50;1.00
48.60;1.03
48.70;0.99
48.80;1.00
48.90;0.99
49.00;1.01
49.10;1.02
49.20;1.00
49.30;0.98
49.40;1.01
49.50;1.01
49.60;0.99
49.70;1.02
49.80;0.97
49.90;1.00
50.00;1.01
50.10;1.00
50.20;1.00
50.30;1.00
50.40;1.00
50.50;0.99
50.60;0.99
50.70;1.01
50.80;1.00
50.90;1.00
51.00;1.00
51.10;1.01
51.20;0.99
51.30;0.97
51.40;1.01
51.50;1.02
51.60;0.99
51.70;0.97
51.80;1.04
51.90;0.97
52.00;1.02
52.10;0.99
52.20;1.00
52.30;1.00
52.40;0.98
52.50;1.02
52.60;0.99
52.70;1.01
52.80;0.98
52.90;1.03
53.00;0.99
53.10;1.00
53.20;1.00
53.30;0.97
53.40;1.00
53.50;1.02
53.60;1.01
53.70;1.00
53.80;1.01
53.90;0.99
54.00;1.00
54.10;1.00
54.20;1.00
54.30;0.97
54.40;1.04
54.50;0.99
54.60;0.99
54.70;1.02
54.80;0.98
54.90;1.01
55.00;1.00
55.10;0.99
55.20;0.99
55.30;1.01
55.40;1.00
55.50;1.00
55.60;1.01
55.70;1.00
55.80;0.98
55.90;1.02
56.00;0.99
56.10;1.01
56.20;1.00
56.30;0.99
56.40;1.01
56.50;0.98
56.60;1.01
56.70;0.95
56.80;1.05
56.90;1.01
57.00;0.99
57.10;0.99
57.20;1.03
57.30;1.00
57.40;0.99
57.50;0.99
57.60;1.00
57.70;1.02
57.80;1.00
57.90;0.99
58.00;1.00
58.10;0.98
58.20;1.03
58.30;0.97
58.40;1.01
58.50;1.00
58.60;1.00
58.70;1.00
58.80;0.98
58.90;1.02
59.00;1.00
59.10;0.99
59.20;1.01
59.30;1.01
59.40;0.96
59.50;1.01
59.60;1.04
59.70;0.99
59.80;0.94
59.90;1.06
60.00;0.99
60.10;0.98
60.20;1.03
60.30;0.99
60.40;0.98
60.50;1.02
60.60;1.00
60.70;1.00
60.80;0.98
60.90;1.01
61.00;1.00
61.10;1.00
61.20;1.00
61.30;1.01
61.40;0.99
61.50;1.00
61.60;0.98
61.70;1.01
61.80;1.00
61.90;1.01
62.00;0.99
62.10;1.01
62.20;0.98
62.30;1.01
62.40;0.99
62.50;0.98
62.60;1.01
62.70;1.00
62.80;1.01
62.90;1.00
63.00;0.97
63.10;1.03
63.20;0.99
63.30;1.00
63.40;1.01
63.50;0.99
63.60;0.96
63.70;1.00
63.80;1.01
63.90;1.03
64.00;1.01
64.10;1.02
64.20;0.99
64.30;1.01
64.40;1.02
64.50;0.97
64.60;0.98
64.70;1.05
64.80;0.99
64.90;0.98
65.00;1.01
65.10;0.97
65.20;1.04
65.30;0.96
65.40;1.05
65.50;1.01
65.60;0.97
65.70;1.00
65.80;1.01
65.90;1.01
66.00;0.99
66.10;1.04
66.20;0.98
66.30;0.95
66.40;1.02
66.50;1.06
66.60;0.98
66.70;1.00
66.80;1.02
66.90;0.94
67.00;1.04
67.10;1.01
67.20;1.02
67.30;0.98
67.40;1.00
67.50;0.99
67.60;1.01
67.70;1.04
67.80;0.95
67.90;0.98
68.00;1.02
68.10;1.01
68.20;1.00
68.30;0.97
68.40;0.16
68.50;0.15
68.60;0.18
68.70;0.58
68.80;2.65
68.90;3.03
69.00;3.12
69.10;2.66
69.20;3.44
69.30;3.68
69.40;3.98
69.50;3.87
69.60;3.58
69.70;3.49
69.80;3.83
69.90;3.59
70.00;2.96
70.10;2.65
70.20;3.75
70.30;3.32
70.40;3.38
70.50;3.48
70.60;3.64
70.70;3.50
70.80;3.75
70.90;3.73
71.00;2.31
71.10;0.97
71.20;0.97
71.30;1.01
71.40;1.03
71.50;1.00
71.60;0.99
71.70;0.97
71.80;1.03
71.90;0.90
72.00;1.06
72.10;1.01
72.20;0.99
72.30;0.99
72.40;1.04
72.50;1.02
72.60;0.99
72.70;0.97
72.80;1.02
72.90;0.99
73.00;1.03
73.10;1.00
73.20;0.94
73.30;1.00
73.40;1.09
73.50;0.96
73.60;0.98
73.70;1.07
73.80;1.00
73.90;0.96
74.00;0.99
74.10;1.05
74.20;0.98
74.30;0.99
74.40;0.99
74.50;0.96
74.60;1.03
74.70;1.06
74.80;0.97
74.90;1.02
75.00;1.02
75.10;0.99
75.20;1.00
75.30;0.98
75.40;0.93
75.50;1.04
75.60;1.02
75.70;0.99
75.80;0.98
75.90;1.01
76.00;1.00
76.10;1.01
76.20;1.06
76.30;0.92
76.40;1.05
76.50;1.06
76.60;1.01
76.70;0.99
76.80;0.96
76.90;1.02
77.00;1.00
77.10;0.98
77.20;1.03
77.30;0.97
77.40;1.04
77.50;1.00
77.60;0.97
77.70;1.02
77.80;1.01
77.90;0.97
78.00;0.96
78.10;1.05
78.20;0.98
78.30;0.95
78.40;1.08
78.50;0.97
78.60;1.04
78.70;0.97
78.80;1.02
78.90;1.02
79.00;1.03
79.10;0.96
79.20;1.03
79.30;0.98
79.40;0.97
79.50;1.04
79.60;1.02
79.70;0.99
79.80;1.00
79.90;0.98
80.00;1.00
80.10;0.89
80.20;1.14
80.30;1.00
80.40;0.99
80.50;1.01
80.60;0.99
80.70;1.02
80.80;0.97
80.90;1.02
81.00;1.01
81.10;0.99
81.20;0.98
81.30;0.99
81.40;1.02
81.50;1.00
81.60;1.01
81.70;1.00
81.80;0.99
81.90;0.98
82.00;1.03
82.10;1.05
82.20;0.95
82.30;0.98
82.40;1.02
82.50;1.01
82.60;0.99
82.70;1.01
82.80;0.99
82.90;0.98
83.00;1.07
83.10;0.98
83.20;0.99
83.30;0.98
83.40;1.03
83.50;1.00
83.60;1.00
83.70;1.00
83.80;0.99
83.90;1.00
84.00;0.96
84.10;1.00
84.20;0.98
84.30;1.08
84.40;1.02
84.50;0.96
84.60;1.01
84.70;1.00
84.80;1.01
84.90;0.99
85.00;1.02
85.10;0.97
85.20;1.04
85.30;0.97
85.40;1.02
85.50;0.98
85.60;1.01
85.70;0.97
85.80;1.03
85.90;1.00
86.00;1.00
86.10;1.02
86.20;0.98
86.30;0.97
86.40;1.03
86.50;1.01
86.60;1.03
86.70;0.96
86.80;1.03
86.90;0.99
87.00;1.00
87.10;0.99
87.20;1.01
87.30;1.00
87.40;1.00
87.50;0.94
87.60;1.09
87.70;0.96
87.80;1.03
87.90;1.01
88.00;0.99
88.10;1.04
88.20;0.97
88.30;1.02
88.40;0.98
88.50;1.01
88.60;0.94
88.70;1.03
88.80;0.99
88.90;1.04
89.00;0.97
89.10;1.02
89.20;1.00
89.30;1.00
89.40;1.00
89.50;0.98
89.60;1.00
89.70;1.00
89.80;0.94
89.90;1.07
90.00;0.99
90.10;0.99
90.20;1.03
90.30;0.99
90.40;0.99
90.50;1.00
90.60;1.02
90.70;1.00
90.80;0.98
90.90;1.01
91.00;1.00
91.10;0.97
91.20;1.01
91.30;0.96
91.40;1.07
91.50;0.97
91.60;1.00
91.70;1.02
91.80;0.98
91.90;1.02
92.00;0.99
92.10;1.03
92.20;0.99
92.30;0.97
92.40;1.01
92.50;1.02
92.60;1.00
92.70;1.01
92.80;0.98
92.90;1.01
93.00;1.00
93.10;1.01
93.20;1.00
93.30;0.97
93.40;1.03
93.50;1.00
93.60;0.99
93.70;1.00
93.80;1.03
93.90;0.96
94.00;1.00
94.10;1.02
94.20;1.00
94.30;0.97
94.40;1.00
94.50;1.01
94.60;1.01
94.70;0.98
94.80;0.96
94.90;0.99
95.00;1.04
95.10;1.01
95.20;1.03
95.30;0.96
95.40;0.96
95.50;1.07
95.60;0.90
95.70;1.04
95.80;1.08
95.90;1.00
96.00;0.99
96.10;1.01
96.20;1.00
96.30;0.91
96.40;1.12
96.50;1.00
96.60;0.99
96.70;1.01
96.80;0.97
96.90;1.01
97.00;1.00
97.10;1.00
97.20;1.00
97.30;0.97
97.40;1.03
97.50;0.99
97.60;0.99
97.70;1.03
97.80;0.96
97.90;1.04
98.00;0.96
98.10;1.01
98.20;1.01
98.30;0.99
98.40;1.00
98.50;0.99
98.60;1.00
98.70;0.98
98.80;1.00
98.90;1.01
99.00;1.00
99.10;0.99
99.20;1.01
99.30;1.02
99.40;1.00
99.50;0.98
99.60;1.02
99.70;1.01
99.80;0.99
99.90;0.99
100.00;1.01
100.10;0.99
100.20;0.99
100.30;1.04
100.40;1.00
100.50;0.99
100.60;1.00
100.70;1.03
100.80;0.96
100.90;1.01
101.00;1.01
101.10;1.00
101.20;0.97
101.30;0.99
101.40;1.02
101.50;1.00
101.60;1.00
101.70;1.04
101.80;0.99
101.90;0.99
102.00;1.00
102.10;0.99
102.20;0.98
102.30;1.04
102.40;1.00
102.50;1.00
102.60;1.00
102.70;0.99
102.80;1.03
102.90;0.99
103.00;0.95
103.10;1.02
103.20;0.98
103.30;1.04
103.40;1.00
103.50;0.98
103.60;1.00
103.70;1.03
103.80;0.99
103.90;0.96
104.00;1.02
104.10;1.01
104.20;1.01
104.30;0.98
104.40;1.03
104.50;0.97
104.60;1.02
104.70;0.97
104.80;1.02
104.90;0.97
105.00;1.02
105.10;1.01
105.20;0.99
105.30;1.00
105.40;0.97
105.50;1.00
105.60;1.02
105.70;0.98
105.80;1.05
105.90;1.00
106.00;0.99
106.10;0.97
106.20;1.03
106.30;1.01
106.40;0.98
106.50;1.01
106.60;1.00
106.70;0.98
106.80;1.02
106.90;1.04
107.00;0.97
107.10;1.01
107.20;1.02
107.30;0.98
107.40;1.00
107.50;1.02
107.60;0.98
107.70;1.00
107.80;1.00
107.90;1.02
108.00;0.98
108.10;1.00
108.20;1.00
108.30;1.00
108.40;1.00
108.50;0.99
108.60;1.00
108.70;1.00
108.80;0.99
108.90;1.01
109.00;1.02
109.10;1.01
109.20;0.97
109.30;1.00
109.40;1.01
109.50;0.96
109.60;1.05
109.70;0.99
109.80;1.01
109.90;0.99
110.00;1.00
110.10;0.98
110.20;1.04
110.30;0.97
110.40;1.02
110.50;0.97
110.60;1.01
110.70;1.01
110.80;0.99
110.90;0.99
111.00;1.01
111.10;1.02
111.20;0.99
111.30;0.98
111.40;1.02
111.50;1.01
111.60;1.01
111.70;0.96
111.80;1.04
111.90;0.99
112.00;1.00
112.10;1.00
112.20;0.99
112.30;0.97
112.40;1.05
112.50;0.98
112.60;1.01
112.70;1.00
112.80;0.97
112.90;1.02
113.00;1.01
113.10;0.96
113.20;1.00
113.30;1.01
113.40;1.03
113.50;0.99
113.60;1.01
113.70;1.00
113.80;1.04
113.90;0.96
114.00;0.98
114.10;1.05
114.20;0.98
114.30;1.01
114.40;0.96
114.50;1.04
114.60;1.00
114.70;1.01
114.80;0.98
114.90;1.03
115.00;0.97
115.10;1.01
115.20;1.00
115.30;1.00
115.40;1.02
115.50;1.00
115.60;1.00
115.70;1.01
115.80;0.93
115.90;1.06
116.00;1.00
116.10;1.02
116.20;0.99
116.30;0.98
116.40;1.00
116.50;0.98
116.60;1.01
116.70;0.98
116.80;1.04
116.90;1.05
117.00;0.97
117.10;1.01
117.20;0.99
117.30;1.00
117.40;1.01
117.50;1.00
117.60;1.00
117.70;0.98
117.80;1.00
117.90;1.00
118.00;1.01
118.10;1.00
118.20;1.00
118.30;0.99
118.40;1.00
118.50;1.02
118.60;0.99
118.70;1.01
118.80;0.99
118.90;1.04
119.00;1.01
119.10;0.98
119.20;0.99
119.30;0.97
119.40;0.99
119.50;1.02
119.60;1.00
119.70;1.00
119.80;0.99
119.90;1.01
